matrix1 = [4 2; 5 8]
matrix2 = [1 3 7; 4 8 1; 9 5 -2]
matrix3 = [2 5 8; 4 -2 -1]
matrix4 = [1 2 7 3; -8 9 5 2; 9 6 1 0; 7 8 5 -1]

