x=3;
y=5;
2+3;